89 4
56750 57218 300201 242375
7684 5790 20279 23491
3780 1977 11058 7398
7226 5623 25571 20380
2226 1305 9347 12432
8187 5140 14632 24377
8165 2763 11638 24489
5810 5212 15019 30532
3017 3045 6733 9412
3942 1153 3119 8220
3972 2766 7301 8909
1991 932 2752 4912
3499 1687 5608 11470
2469 1751 6492 5112
2070 598 2674 4820
2291 836 2791 5688
2587 927 3960 6469
2075 454 3124 3435
1663 504 3599 6885
9438 5778 16163 28787
2920 1143 3483 7025
8747 4844 12417 25132
1614 1541 2792 3683
1684 1136 2851 4810
3757 652 2161 7287
10126 4043 14208 32746
10171 5760 13948 25430
7259 1484 4638 14979
3280 578 1607 5057
3867 835 1745 5757
11767 3506 7203 27350
978 1472 2726 3321
4322 2064 3432 14601
4148 830 1948 6706
12628 6745 13733 36240
7973 10559 24144 31991 
5884 3122 6775 23835
4417 1485 3922 13172
6128 2192 5550 18791
8065 3942 7945 17942
6331 4737 10942 26253
2804 2720 3448 11911
3078 1976 2195 8889
7061 5029 10980 28747
7740 3676 4994 17862
26467 23372 114459 142258
3751 2743 17017 25602
4815 4252 25409 26261
5503 1536 4260 13437
6059 3405 9951 21382
5843 2164 7288 21638
4315 1942 7505 17506
2435 878 2473 9316
8250 6385 15099 28740
6468 3331 9463 29032
12315 7007 18766 44127
5139 2330 7652 23557
5035 3803 11789 26103
3664 1928 5152 19647
3996 1812 6614 16570
2263 751 3172 9080
8924 5485 18693 48969
12764 12361 32747 39394
6036 1791 6405 13785
11262 5030 20789 43324
3612 2292 5552 14036
4629 2462 5255 15462
8933 5669 24468 54208
2604 1209 4653 13266
2827 1524 4974 12239
3962 3759 5378 14633
12833 6077 13434 32520
4509 1225 2993 9563
6720 3731 6679 20093
10014 5104 9125 25162
4245 1204 3241 8592
4260 2491 5648 15665
4402 1617 4641 13225
4615 1285 3667 12983
19951 14561 63228 101176
4482 3696 6893 12158
2627 1194 2803 8037
6044 2520 5569 14411
9575 3439 11234 22490
8508 4479 11723 22118
7661 3951 13258 20624
4163 2505 5871 12812
1375 404 1653 2192
4409 2452 7370 13256 