59 2
54.0 -65.0
0.0 71.0
-31.0 53.0
8.0 111.0
1.0 -9.0
-36.0 52.0
-22.0 -76.0
0.0 20.0
34.0 129.0
28.0 84.0
12.0 -38.0
-21.0 -26.0
-6.0 -41.0
21.0 45.0
38.0 -90.0
-24.0 10.0
-38.0 35.0
86.0 -57.0
58.0 -1.0
-9.0 -3.0
70.0 -74.0
-20.0 70.0
-43.0 44.0
59.0 -26.0
-5.0 114.0
83.0 -41.0
27.0 153.0
12.0 -49.0
30.0 -65.0
31.0 -12.0
-57.0 28.0
44.0 -28.0
7.0 -7.0
54.0 -8.0
65.0 -8.0
-35.0 25.0
46.0 79.0
5.0 118.0
56.0  4.0
-21.0 54.0
-40.0 45.0
-43.0 51.0
57.0 -21.0
0.0  0.0
25.0 15.0
56.0 -25.0
-34.0 56.0
-24.0 36.0
-25.0 49.0
64.0 -26.0
63.0 -48.0
37.0 155.0
-5.0 -24.0
2.0 28.0
-18.0 -58.0
-10.0 82.0
12.0 -58.0
-40.0 -28.0
-16.0 28.0